  9.4403738e-002
  6.0000000e+000
  2.0144685e-001  4.8818163e-001  5.0172872e-001  1.5689643e-001  4.5295805e-001  4.8946774e-001
  5.9944558e-002 -7.9749717e-001  3.6387854e-001  4.2710795e-001  6.0673041e-002  2.0468245e-001
 -5.6931893e-001 -9.1103853e-002 -3.9272296e-001  1.2746303e-001  7.0417088e-001  3.5231658e-002
 -1.3143567e-001  5.7927053e-001  4.7516542e-001  6.3112301e-001  1.1444654e-001  9.9869268e-002
  5.0111238e-001  4.0800761e-001 -7.0632158e-001  2.3204324e-001  1.3415436e-002  1.7176132e-001
  4.5320551e-001 -6.2583351e-001  1.1776439e-001  5.4818337e-001  2.7514804e-001 -1.1338993e-001
 -1.5754785e-001  2.1246259e-002 -2.9069306e-001 -5.8786414e-002  7.7174358e-001  5.3961174e-001
  5.9602453e-001 -4.2424918e-001  1.1899434e-001  1.1740962e-001  4.9407080e-001 -4.3899518e-001
 -5.3420592e-002  5.0285719e-001  4.3592060e-001  2.8564091e-001  6.0819724e-001  3.2056123e-001
  1.8386448e-001  2.1640737e-001 -5.0365995e-001  7.2956172e-001 -2.7258306e-001  2.4315946e-001
