  8.2408232e-002
  5.0000000e+000
  5.7283317e-001  5.3588939e-001  3.6157523e-001  4.8684347e-001  1.3012111e-001
  6.0286619e-001 -7.8463610e-001  1.8629808e-002  1.4304152e-001 -9.5180505e-003
 -2.2195032e-001 -8.5985902e-002 -5.0502494e-001  5.6967930e-001  6.0312503e-001
 -6.9492144e-001 -4.8418765e-001  4.7730555e-001  2.0294722e-001 -1.1678336e-001
 -3.2560243e-001  8.1643829e-001  1.2952668e-001  3.8142691e-001 -2.5524092e-001
  4.3815790e-001 -1.7751595e-001  1.5068057e-001  8.4268701e-001  2.0899691e-001
  2.6199953e-001  2.6240992e-001 -9.1945688e-001  5.3914929e-002  1.1911974e-001
 -3.1306665e-003  5.5760005e-002 -9.3327401e-002  2.6750833e-001 -9.5739768e-001
  8.0724659e-002
  5.0000000e+000
  3.5409281e-001  4.0376558e-001  7.5519339e-001  1.2554077e-001  3.5427969e-001
  3.8445263e-001 -6.4699850e-001  8.4783377e-002  6.5040575e-001 -5.8079731e-002
 -7.5162871e-002  2.9279375e-001 -5.0830765e-001  4.6102702e-001  6.6158883e-001
 -5.2080209e-001  2.5203417e-001  6.6448529e-001  4.7286036e-001  1.0312366e-002
 -9.3515269e-002 -8.3680022e-001  2.1015776e-001  3.6888409e-002  4.9547276e-001
 -6.7461372e-001  2.2234367e-001 -4.9157364e-001 -1.8099111e-001  4.7016720e-001
  2.4133231e-001 -3.4277029e-002  4.7503078e-002 -9.6786445e-001  3.9568412e-002
  6.4735234e-001  4.1500714e-001 -6.1158111e-001  1.2243554e-001  1.4029297e-001
  3.8843128e-002
  5.0000000e+000
  2.0078001e-001  3.9190005e-001  4.3214039e-001  2.1893120e-001  7.5592695e-001
  2.0177278e-001 -8.7660207e-001 -7.8647639e-002  8.4652056e-002  4.2131359e-001
 -7.7088133e-001 -4.7837570e-002 -1.2427977e-001  6.1047792e-001  1.2379338e-001
  2.0430792e-001  2.3489620e-001  7.5759922e-001  3.3639003e-001  4.6472273e-001
 -4.1130877e-001  7.9629323e-001  7.4119278e-002 -4.3651461e-001 -2.6523689e-002
  2.0506825e-001  3.4492165e-001 -6.4691060e-001  2.9092450e-001  5.7952194e-001
 -8.3849737e-001 -3.5163718e-001 -4.5125335e-002  1.1683736e-001  3.9697126e-001
  7.0693042e-003 -6.5409110e-002  1.1595808e-001  9.4227360e-001 -3.0715772e-001
  7.8344452e-002
  6.0000000e+000
  5.4516563e-001  3.1289997e-001  5.5891099e-001  5.6620424e-002  2.3036099e-001  4.8603959e-001
 -8.9017214e-002 -7.8488418e-001  1.8389815e-001  4.8586761e-001  2.3495398e-001  2.2570672e-001
  3.3676964e-001  1.0150709e-001 -7.7711393e-001  2.1140027e-001  4.1971840e-001  2.2698645e-001
 -6.8468351e-001  3.8523596e-001  1.2518629e-001  1.3902071e-001  5.8695418e-001  5.7342454e-002
 -2.7020580e-001 -9.1242949e-001 -3.0978350e-002  1.2649866e-001  2.4793754e-001  1.2659642e-001
  3.9222740e-001  9.4029157e-002 -6.2217721e-001  5.3949537e-001  3.9606315e-001  4.7858474e-002
  9.9988195e-002  2.4596226e-002 -2.2040533e-001 -7.6245173e-001  5.9569756e-001 -6.8048908e-002
 -7.2224271e-001  3.7585549e-001 -5.6642374e-002  1.2899946e-001  3.0402672e-001  4.7414835e-001
  4.7531095e-002
  5.0000000e+000
  7.5310722e-001  4.8775825e-001  2.4496042e-001  3.1920839e-001  1.8171900e-001
  3.9003051e-001 -8.0168075e-001 -2.0218082e-001  3.1404454e-001  2.5628720e-001
  2.9284765e-001  2.1049508e-001 -8.8039268e-001 -2.0728465e-001 -2.2775839e-001
  1.7035291e-001  5.0381978e-001 -8.1866025e-002  7.9625648e-001  2.7644004e-001
  2.1795878e-001 -6.2176007e-001 -2.7436713e-001  7.6860187e-002  6.9622092e-001
  5.1602273e-001 -2.5033517e-001  7.9840049e-001  1.6070950e-001 -8.8215399e-002
  2.3939907e-001  1.2975638e-001  9.5300501e-002 -9.3997397e-001  1.8225840e-001
  3.8643152e-001 -4.1326966e-002 -3.3538751e-001 -1.0640488e-001 -8.5156091e-001
  7.3409213e-002
  5.0000000e+000
  8.0247993e-001  4.3750912e-001  8.5631454e-002  5.0229824e-002  3.9339032e-001
  3.6680696e-001 -8.1184637e-001  3.7550999e-001  2.5237993e-001  4.0678424e-002
 -1.0042016e-002 -9.3780045e-003 -5.6794316e-001  8.2145368e-001  4.9655019e-002
  2.1863507e-001  1.7267537e-001  6.2643676e-002 -9.9725306e-003  9.5831010e-001
 -9.3773345e-001  2.1097367e-001  1.9058841e-001  1.1276342e-001  1.6464069e-001
  1.6336383e-001 -6.0810021e-002  3.6594614e-001  9.1325723e-001 -4.0731486e-002
 -1.5139288e-002 -6.5224754e-001 -3.9739445e-003 -5.3307650e-003  7.5782566e-001
  2.7270207e-001 -2.0460974e-001 -8.7976987e-001  2.8239396e-001 -1.7328321e-001
  7.4578400e-002
  5.0000000e+000
  5.4749112e-002  7.4066849e-001  1.0966565e-001  6.4280405e-001  1.5227972e-001
  3.3672363e-001 -4.7422378e-001  2.1522140e-001  3.1034331e-001  7.2048302e-001
  3.4778280e-001  1.0376176e-002 -9.2897488e-001  9.8064807e-002  7.9551440e-002
 -7.7075280e-001  1.4926385e-002 -2.1208536e-001  5.7055287e-001  1.8763408e-001
  8.3317830e-002 -9.6932125e-001  2.9603746e-002  1.9077655e-001 -1.2728857e-001
  3.7450928e-001  5.7985274e-002  4.8223206e-001  4.7650656e-001  6.2990019e-001
 -9.0601425e-001 -1.0580704e-001  1.4175091e-001  8.6123306e-002  3.7474324e-001
 -8.9792577e-002 -4.3502640e-001  3.0698045e-001  5.9707496e-001 -5.9325696e-001
  7.1437786e-002
  5.0000000e+000
  8.1737967e-001  4.0113343e-001  4.5342805e-002  3.9872965e-001  9.9705298e-002
  1.9513763e-002 -4.2753263e-001  2.7658689e-002  1.6486260e-001  8.8819501e-001
 -5.7578222e-002 -7.3178315e-002 -9.4254604e-001  3.1459100e-001 -6.3001088e-002
  4.2269755e-001  5.5937695e-001  1.5082439e-001  6.8502640e-001  1.2812123e-001
  4.9766988e-001 -7.9897368e-001  1.2735764e-001  3.0257292e-001  7.8710965e-002
  5.1982041e-001  1.2151350e-001 -6.9541402e-001 -3.3198479e-001  3.4814745e-001
 -3.2983282e-001  3.6649280e-002 -2.7460406e-002  4.3293212e-001  8.3766512e-001
 -6.4799000e-003 -4.6343039e-001 -5.4351046e-001  6.2168288e-001 -3.2139860e-001
  7.4939946e-002
  5.0000000e+000
  3.7786232e-002  8.6536793e-001  2.1065256e-002  2.1909098e-001  4.4862673e-001
  2.1027373e-002 -4.0075634e-001  6.1978586e-001  3.8289379e-001  5.5516668e-001
 -1.5413623e-001 -2.0869784e-001 -6.5596888e-001  7.0113359e-001  1.0394110e-001
  9.6122953e-002  8.7584238e-001  5.1606775e-002  2.7342421e-001  3.8240874e-001
 -9.6257596e-001  7.1037492e-002  2.5683478e-001  4.8336237e-002  1.0034514e-002
 -1.0116679e-001 -3.7868882e-001 -4.1905453e-001  6.7107235e-001  4.6948403e-001
 -1.9968394e-001  1.5910373e-002 -6.4207089e-001 -6.5840613e-001  3.3781582e-001
  9.7296275e-001 -8.4072772e-002 -1.5029768e-001 -8.4574314e-002  1.2858086e-001
  7.6936084e-002
  6.0000000e+000
  1.0089656e-001  6.9266526e-001  6.0867396e-001  1.3498265e-001  1.3300278e-001  3.2193271e-001
  1.7406972e-001 -6.7508497e-001  3.8555538e-001  7.9494224e-002  3.3307319e-001  4.9804617e-001
 -4.2602541e-001  6.6954706e-002 -3.8047205e-001  7.1861648e-001  4.6876578e-002  3.8814091e-001
 -6.5858048e-001  3.2611228e-001  5.9039376e-001 -1.5002837e-001  2.9513958e-001  4.1735558e-002
  2.2402465e-001 -3.0804913e-001 -5.7466225e-002 -9.2380581e-002  8.6452322e-001  3.0932467e-001
  3.6397116e-001  5.4788605e-001  1.8655196e-001  3.5559211e-001 -7.5114349e-002  6.3281618e-001
 -4.8477221e-001 -5.3305982e-001  4.2887806e-001  3.0472820e-001 -1.5505437e-001  4.2427068e-001
  3.4317371e-001 -1.1853098e-001  3.4062339e-001 -5.0799705e-001 -7.0288690e-001  6.8503709e-003
  6.8490668e-002
  5.0000000e+000
  5.8148201e-001  8.0430929e-001  3.2367791e-002  2.5525809e-002  1.1517810e-001
  2.2569624e-001 -2.6756579e-001  5.0960121e-001  6.5011391e-001  4.4173326e-001
  4.2641130e-001 -3.3402902e-001 -7.4823705e-001  4.2317438e-002  3.8072112e-001
  6.1049546e-001  6.3818402e-001  1.9679303e-001 -3.0524202e-001  2.9684383e-001
 -2.4627144e-001 -8.5031817e-002  3.4022557e-001  3.5642837e-001  8.3025620e-001
 -1.2380959e-001  3.8306635e-001 -8.4742210e-001  2.4485069e-001  2.4465339e-001
  1.0871591e-001 -1.1033048e-001 -1.7952022e-001 -8.5486468e-001  4.6150504e-001
  7.2808760e-001 -4.6873897e-001 -3.8772811e-001  6.7918699e-002 -3.0858741e-001
  9.6694386e-002
  6.0000000e+000
  5.6685835e-001  4.1241352e-001  3.5042657e-001  6.1981417e-001  3.9200398e-002  9.0357896e-003
  2.3641146e-003 -6.0108019e-001 -1.6521946e-001  4.5202983e-001  5.4151965e-001  3.3737967e-001
 -3.3836605e-001  5.3006087e-001 -6.6029220e-001  3.2890475e-001 -3.7470856e-002  2.4284912e-001
 -5.2600535e-002  5.2784632e-001  6.0153006e-001  9.2760350e-002  4.6982386e-001  3.5697912e-001
 -5.4229086e-001 -5.8380800e-001  1.5660791e-001  3.4992442e-001 -2.8593799e-002  4.6615244e-001
 -2.0707560e-001  1.6261949e-001 -7.1168535e-001  2.2440756e-001  6.0731121e-001  7.0660496e-002
 -3.6883469e-001  4.9055747e-001  5.1580176e-001 -3.1193183e-001  4.3087623e-001  2.7259327e-001
 -5.0508318e-001  1.5484867e-001 -7.8911599e-002  4.2925082e-001 -5.2366137e-001  5.0617027e-001
  9.1976075e-002
  5.0000000e+000
  5.1200009e-001  4.5344166e-001  6.1645734e-001  3.8459077e-001  6.5702706e-002
  6.2908380e-001 -7.1864483e-001  7.8924737e-002 -1.5741232e-001  2.3831790e-001
 -2.5186888e-001 -3.1235459e-002 -1.1142880e-001  4.0162941e-001  8.7284813e-001
 -7.8052589e-002  8.5437474e-002  9.8573847e-001 -2.7522917e-002  1.1903941e-001
 -3.6068435e-001  8.4928837e-001 -1.2129402e-001 -3.5803927e-001  7.5575808e-002
  5.1626184e-001  1.8006699e-001 -7.1693069e-002  1.0600062e-001  8.2745004e-001
  4.7712674e-001  2.4554814e-001 -6.7893049e-001  2.3881436e-001 -4.4054203e-001
  2.4746953e-001  3.7907389e-001  7.7463216e-002 -8.8050096e-001 -1.1738539e-001
  9.5799724e-002
  7.0000000e+000
  5.2322292e-002  1.0110142e-001  4.3740873e-001  4.0641750e-001  5.2306794e-001  1.9079006e-001  5.6616109e-001
  4.4871570e-001 -7.9847837e-001  2.5386738e-002  1.7013483e-001  2.0482407e-001  1.2486926e-001 -2.7193922e-001
 -5.6692121e-001 -3.6419224e-001 -5.3983534e-001 -1.2020651e-001  2.2076582e-001  3.0426218e-001  3.1429212e-001
  9.4156248e-002  3.7622033e-002  4.4991998e-001  4.2370990e-001  1.7208362e-001  3.8241471e-001  6.5719658e-001
  2.5206207e-001  4.8352507e-001 -6.3949789e-001  3.3372103e-001 -1.7525657e-002 -2.7691792e-001  3.2457704e-001
  4.1216772e-001 -7.1158662e-001 -2.3979937e-001  4.6141313e-001  1.2905559e-001  1.0112391e-002 -1.9130820e-001
  2.3954112e-001  1.1911184e-002 -2.8616460e-001 -5.7799532e-001  7.1834655e-001  6.9389108e-002 -7.5317913e-002
 -8.3365435e-001 -4.0438030e-001 -1.8564147e-001 -1.2682288e-002  1.7924837e-001  2.6960954e-001  4.5322332e-002
  4.8491173e-002
  5.0000000e+000
  7.1946082e-002  1.7637036e-001  3.1336266e-001  7.4832209e-001  5.5275234e-001
  1.3098450e-001 -6.6084067e-001  4.7964038e-001 -3.7021925e-001  4.2310222e-001
 -5.9509816e-001 -6.2437495e-001 -2.5463731e-001  4.1427743e-001 -1.3981471e-001
 -4.9339511e-001  3.6127391e-001  6.7571656e-001  3.3282570e-001  2.4223256e-001
 -3.3482236e-001  4.8092239e-001 -6.6417619e-001 -7.7435173e-003  4.6413110e-001
  1.9000961e-001 -4.5945635e-001 -1.3508369e-001  7.4010693e-001  4.3219248e-001
 -7.4647566e-001 -4.2274632e-001  3.1398296e-001 -2.1510485e-001  3.4525968e-001
 -4.9287085e-002 -2.6592140e-001  5.4721049e-001  3.5958865e-001 -7.0577140e-001
  4.6217505e-002
  5.0000000e+000
  9.2748080e-002  7.0199865e-001  5.4028186e-001  2.0578563e-001  4.0539299e-001
  2.9031225e-001 -6.6302463e-001  6.3655889e-001 -5.4003911e-002  2.6075563e-001
  2.4872756e-001 -1.7471529e-001 -4.6162182e-001  6.3676963e-001  5.3762339e-001
 -5.1615157e-001  4.0164816e-001  3.9525333e-001  5.5812327e-002  6.4259326e-001
 -6.1075889e-001  2.5583257e-001 -3.4535647e-001  4.6214271e-001 -4.7820110e-001
  4.4769798e-001  2.6500809e-002  6.4879970e-002  8.6170652e-001  2.2829082e-001
  5.6217372e-001  5.3986206e-001 -5.4299701e-001 -2.0539570e-001 -2.3553456e-001
  4.2178354e-002  9.7501920e-002  4.5265981e-001  1.7113234e-001 -8.6863524e-001
  6.1006454e-002
  5.0000000e+000
  5.3293611e-001  6.9455290e-002  5.7493914e-001  2.9424833e-001  5.4223425e-001
  4.8679715e-001 -6.3273537e-001 -9.2573719e-002  3.4371272e-001 -4.8576349e-001
  5.0596979e-001  3.6812562e-001 -7.4745986e-001  6.2475209e-002  2.1419315e-001
  1.6275954e-001 -7.6223609e-002  3.1743709e-001  6.5286917e-001  6.6384850e-001
 -6.9538505e-001 -3.3958158e-001 -5.3916030e-001  6.4360875e-002  3.2601816e-001
  2.8375869e-003  8.5759501e-001 -4.5538534e-001  2.1539064e-001  1.0370052e-001
  1.6270571e-001  1.0343891e-001 -1.2013941e-001 -8.7440737e-001  4.2872546e-001
  2.1437924e-001  4.2540168e-001  5.1381921e-001 -2.9819115e-001 -6.4818732e-001
  4.5830910e-002
  5.0000000e+000
  9.5526164e-002  2.7940991e-001  6.3469383e-001  6.6159702e-001  2.6880843e-001
  3.6333817e-001 -6.8843942e-001 -1.6495908e-001  1.5909631e-001  5.8439149e-001
  1.8610491e-001  6.2044193e-001 -6.3288199e-001  1.5839405e-001  3.9343168e-001
 -5.6480598e-001 -3.1123537e-002  7.8551876e-002  8.1273365e-001  1.1540863e-001
 -5.1645810e-001 -3.9490388e-001 -3.0030863e-001 -4.2375941e-001  5.5458511e-001
  1.7778358e-001  7.0823110e-001 -7.5827141e-002  6.1983465e-002  6.7617306e-001
 -7.5891286e-001  4.3669331e-001 -2.3999854e-001  2.8158090e-001 -3.1058513e-001
  5.9341776e-001  1.6922385e-001 -4.6778273e-001  4.6567827e-001 -4.2841770e-001
  8.4643924e-002
  5.0000000e+000
  1.5406784e-001  5.4470642e-001  3.3876638e-001  5.2534668e-001  5.3740695e-001
  1.3838868e-001 -7.3199937e-001  6.2311623e-001  9.1629632e-002  2.1989920e-001
 -1.8596305e-001 -4.0358964e-001 -6.4184816e-001  4.8969306e-001  3.8828442e-001
 -4.3099524e-001  4.6780392e-001  3.9099391e-001  2.4349734e-001  6.1906009e-001
 -7.3065116e-001  2.0752191e-001 -4.0479999e-001 -4.5347996e-001 -2.3146581e-001
  7.2638698e-003 -3.2029068e-001 -6.9333172e-001  1.3887480e-001  6.3036976e-001
 -6.3555002e-001 -5.3559974e-001  4.2889836e-001  3.2722371e-001  1.3483302e-001
 -2.9434454e-001  1.8507229e-001  2.1691574e-001 -7.6057596e-001  5.0356858e-001
  4.5738707e-002
  5.0000000e+000
  9.8366240e-001  1.2384378e-001  3.3038719e-002  1.1303852e-001  5.6583835e-002
  8.4103922e-002 -7.7324446e-001  3.0853840e-001 -2.2481906e-001  4.9927947e-001
 -1.5732886e-002 -4.5113966e-001 -3.9651990e-001  7.9388288e-001 -9.3527625e-002
  9.1885349e-001  1.6768229e-001  2.5159961e-001  2.4627129e-001  6.0324038e-002
  2.6285606e-001  2.3001136e-001 -8.7734296e-001 -2.8238993e-001  1.6889858e-001
 -2.0253615e-001  5.7588329e-002 -1.3743879e-001  6.9082855e-001  6.7788582e-001
  1.4615171e-003  1.3600322e-001  3.6561616e-001 -6.1265980e-001  6.8736729e-001
 -7.4150223e-002  1.2445746e-001  9.0595676e-001  3.4406568e-001 -1.9968287e-001
  9.6146915e-002
  5.0000000e+000
  3.1563982e-001  2.4189167e-001  2.6467334e-001  5.5238566e-001  6.8313837e-001
 -1.9453455e-001 -7.2312397e-001  5.8317711e-001 -1.7519190e-001  2.6164915e-001
 -8.0125023e-001 -1.0273678e-001 -3.1686019e-001  4.7543970e-001  1.4491358e-001
  9.2103504e-002  4.0646519e-001  1.5732877e-001  7.6006009e-002  8.9206151e-001
  4.5859359e-001  2.5649763e-001 -7.8649833e-001  3.2020959e-001 -5.2792853e-002
 -1.1119884e-001 -1.4629541e-001  2.7456563e-001  9.4248990e-001 -5.0586393e-002
 -4.7625798e-001 -5.0065277e-001 -4.6530590e-001  3.1293050e-002  5.5230093e-001
  7.6231238e-001 -5.3608338e-001 -3.3071878e-001  9.7023405e-002 -1.1272085e-001
  5.7155469e-002
  6.0000000e+000
  2.2630058e-001  2.5048651e-001  3.4144108e-001  1.5863867e-001  5.8894931e-001  6.3042449e-001
  5.5656975e-002 -6.5054691e-001  5.6901529e-002  7.1384194e-001 -1.6568653e-001  1.8284115e-001
  4.6161338e-001  1.0271992e-001 -8.5705279e-001  1.0450359e-001  8.0247818e-002  1.5640175e-001
 -2.1171079e-001  4.3840252e-001  1.1543188e-001  4.7609006e-001  6.4944973e-001  3.1813606e-001
  1.3684356e-001 -8.5383032e-001  7.6464417e-002  1.1561156e-001  3.7182510e-001  3.0786503e-001
 -5.4776251e-001 -1.0299050e-001 -7.6998116e-001 -2.3404751e-001  2.0398947e-001 -9.3946395e-003
  5.7482395e-001  6.3101847e-003 -1.3827000e-001 -7.9869006e-001  1.0692403e-001 -3.2870325e-002
  3.5140286e-001  4.8614648e-001 -5.2021966e-001  2.7443665e-001 -4.4544643e-001  3.0953374e-001
  8.0780539e-002
  5.0000000e+000
  2.8954624e-001  4.9106306e-001  7.2452126e-001  3.6264412e-001  1.3630201e-001
  1.8219963e-001 -4.1755327e-001 -2.0693680e-001  5.9807458e-001  6.2604834e-001
  5.0960402e-001  5.9742883e-001 -6.1752793e-001  8.9680941e-004  4.5177153e-002
 -4.8195727e-001  5.9193198e-001  2.1939143e-001 -3.8929142e-005  6.0761923e-001
  6.0788806e-001 -3.0039533e-001  2.6095881e-001  9.4492288e-002  6.8059273e-001
  2.1732687e-001  3.3855502e-001 -3.0717544e-001  8.6118153e-001 -4.6466758e-002
 -5.2214212e-001 -5.9248330e-001  3.6347892e-001  4.9417051e-001 -3.1201993e-003
 -6.8770181e-001  4.8861140e-001 -1.3455857e-001 -3.8564204e-002  5.1839359e-001
  8.0805751e-002
  5.0000000e+000
  3.1385815e-001  7.5187963e-001  4.1342246e-001  3.6239643e-001  1.8417596e-001
 -6.7516305e-001 -1.8819370e-001  6.9349603e-001  1.5971752e-001  4.7870193e-002
  4.6561467e-001 -5.9073370e-001  1.4271396e-001  6.4244465e-001  3.3679022e-002
 -4.9914268e-001 -4.8067910e-002 -6.2737255e-001  4.3561631e-001  4.0643348e-001
  4.5386950e-001  2.5383662e-001  5.7031725e-002 -1.5216741e-001  8.3854750e-001
 -3.1656337e-001  9.1967682e-001 -3.5431750e-002 -1.8356339e-001 -1.3795381e-001
 -7.5350848e-001 -1.0575128e-001  2.3348540e-001  3.5721762e-001  4.8879625e-001
 -1.3422952e-001 -3.1233032e-003 -2.5702555e-001  7.3029435e-001 -6.1853109e-001
  7.4743803e-002
  5.0000000e+000
  5.3774503e-001  2.2932483e-001  2.7658368e-001  7.6166801e-001  4.0046313e-002
 -6.5953155e-001 -4.6752304e-001  1.9720092e-001  5.2546722e-001  1.7730296e-001
  2.6677051e-001 -2.2913022e-001 -2.8051281e-001 -6.4328374e-002  8.9079024e-001
 -5.2988882e-001  7.4815128e-001  7.2644331e-002 -1.4925236e-001  3.6322724e-001
 -3.2275852e-001 -8.4510996e-002 -1.1011177e-001  9.3006623e-001  1.0741060e-001
  3.8756582e-001  8.4408477e-002  8.3978084e-001  2.0599248e-001  3.0822587e-001
  1.3493482e-001  2.5522125e-001 -3.8897698e-001 -7.6678881e-002  8.7147689e-001
 -5.1667652e-001  8.3291602e-001  1.7125586e-001  5.6154547e-002 -8.2549245e-002
  8.3942361e-002
  7.0000000e+000
  1.0234871e-001  2.4264726e-001  2.4031357e-002  4.1806423e-001  6.9606227e-001  2.1719736e-001  4.7287890e-001
  4.4144736e-001 -4.5523965e-001  2.5497505e-001  4.6339667e-001 -2.6030372e-001  4.8474627e-001 -1.2407806e-001
  5.6159795e-001 -4.6868347e-001 -4.6627652e-001 -3.0793876e-001  2.0419518e-001 -2.4431789e-001  2.2653160e-001
 -3.5992022e-001 -1.5035443e-001 -3.3354742e-001  5.6649867e-001  4.1470172e-001  1.6247518e-001  4.6615519e-001
  2.4466371e-001 -4.9292040e-001  6.6591977e-001  3.5784051e-001  2.9887994e-001 -1.0909389e-001 -1.5633137e-001
  3.8307571e-001  6.5509547e-001  2.0017332e-001  5.2886774e-001 -1.7825701e-001  2.5838735e-001  7.6111105e-002
 -4.0234025e-001 -4.0253618e-001 -1.2155487e-001  4.1916868e-001 -2.9632547e-001  6.2587972e-001  7.7940797e-002
  4.0210395e-001 -6.2714348e-002 -4.6372928e-001 -2.8123382e-001 -3.2298547e-001  8.1936970e-002  6.5514024e-001
  6.3378642e-002
  5.0000000e+000
  5.7039100e-001  3.6069265e-001  6.2642519e-001  3.5238083e-001  1.6725476e-001
  5.8849981e-002 -8.5979182e-001  1.7444200e-001  2.9856273e-001  3.7111319e-001
  3.9276354e-001  1.6214802e-001 -5.4548692e-001 -1.6576330e-001  7.0314392e-001
  3.6916648e-001  4.3230316e-001  6.2567254e-001  4.5126761e-001  2.8586972e-001
 -5.7864669e-001 -3.5340412e-001 -2.9252658e-002  5.3115322e-001  5.0724163e-001
  1.5441858e-001  5.3934560e-001 -7.3092604e-001  1.4102032e-001  3.6210718e-001
 -1.3069336e-001  1.1912242e-001  2.5688774e-001 -6.8135289e-001  6.6219033e-001
  7.7412559e-001 -2.5533486e-001 -2.2583448e-001 -4.8787412e-001 -2.1566481e-001
  9.2406315e-002
  6.0000000e+000
  5.1189040e-001  5.2178143e-001  1.1671581e-001  5.6817693e-001  3.5777162e-001  3.5555856e-002
  2.8523642e-001 -8.4598554e-001  9.5711112e-002  4.2090511e-001  1.2183362e-001  4.2231333e-002
  2.3528305e-001  8.1334470e-003 -9.1639141e-001  1.3140416e-001 -2.7020482e-001  1.2051895e-001
 -2.1521861e-001  2.1320754e-001 -1.7203826e-001  3.5113625e-001  7.6070647e-001  4.2030386e-001
 -1.0124719e-001 -9.3121305e-001 -1.4521919e-001 -1.0339504e-001  2.9083537e-001 -7.8910749e-002
  5.2118525e-001 -1.8168958e-001  5.2945299e-001  6.3564923e-001  6.8521825e-002 -7.9304427e-002
 -1.4532040e-003 -9.1466573e-002  1.4869551e-001 -3.0095888e-002  3.7021998e-002  9.8348615e-001
  1.6380722e-001  7.7054471e-002 -4.5071285e-001  3.6245898e-001 -7.8688851e-001  1.1626564e-001
  7.6443734e-002
  6.0000000e+000
  6.1719957e-001  4.3810658e-001  1.2190761e-001  1.1836549e-001  6.2875156e-001  5.4101086e-002
  4.0626116e-001 -6.7377128e-001 -7.1175439e-002  2.2423408e-001 -6.8321209e-003  5.7060546e-001
  2.2172235e-001  2.0075226e-001 -7.6256452e-001  4.5960437e-001 -2.7900139e-001 -1.9988780e-001
  3.6689992e-001  6.8232027e-001  5.4472259e-002  4.6962298e-002  3.2649152e-001  5.3670672e-001
 -4.8112575e-001 -3.5165813e-001 -3.2601215e-001  3.0252196e-001  3.4270557e-001  5.7411149e-001
  4.9536930e-001 -5.3069290e-001  4.9239914e-001  2.0159962e-001  4.3573358e-001  3.3511314e-003
  4.7926518e-002 -2.0981109e-001 -1.5977386e-001 -9.0976462e-001  2.9047293e-001  1.2691919e-001
 -6.9807087e-002  2.8559149e-001  7.0158044e-001 -2.0383240e-001 -2.7555989e-001  5.5124265e-001
  7.2299337e-002
  6.0000000e+000
  1.8461373e-001  3.4215781e-001  1.9262132e-001  3.7994872e-001  7.5404901e-001  3.1431178e-001
  5.4551589e-001 -6.3444371e-001  3.0116264e-002  5.0540100e-001 -1.6257537e-001  1.3086511e-001
 -5.2620668e-001 -1.9809391e-001 -6.5482907e-001  2.7386707e-001  7.3818545e-002  4.1786585e-001
 -2.2141433e-001 -1.9540502e-002  6.6780139e-001  7.8111246e-002  2.3561369e-001  6.6559746e-001
 -5.5337370e-001  5.2118284e-001  2.1195964e-001  4.5597155e-001 -1.0429400e-001 -3.9803494e-001
 -1.1387816e-001  4.6247334e-001 -6.4871118e-001  1.4950846e-001  2.0995034e-001  5.3468874e-001
 -5.2464878e-001  1.4359835e-001  3.8931564e-001 -6.3554380e-001  1.3327943e-001  3.6176950e-001
  6.4383522e-001 -6.5055367e-002 -2.5010173e-001 -6.6078370e-001  2.8408116e-001 -3.6822975e-002
