  8.7743681e-002
  5.0000000e+000
  1.1685113e-001  5.3429188e-001  6.3186643e-001  2.7796327e-001  4.7366575e-001
  3.9629896e-001 -7.3190927e-001  1.8592291e-001 -6.5261700e-002  5.1810186e-001
  2.7001673e-001  1.7925160e-003 -4.7231251e-001  8.3605991e-001  7.0798848e-002
 -6.4974404e-001  1.6287707e-002  4.6734888e-001  4.3930782e-001  4.0762857e-001
 -1.8274742e-001 -6.4839023e-001 -4.5988540e-001 -2.4381832e-001  5.2464420e-001
 -5.1229363e-001  1.9481840e-002 -5.9377176e-001  3.4896344e-001 -5.1267467e-001
 -4.1064859e-001 -5.8297636e-001  6.3683140e-001  2.0413984e-001 -2.1042576e-001
  7.0593953e-001 -1.9493928e-002  1.1846604e-001  4.2064115e-001 -5.5704236e-001
  9.3260219e-002
  6.0000000e+000
  2.7703349e-002  5.1706374e-001  3.4784416e-001  5.0406576e-001  4.2646106e-001  4.1824720e-001
  3.0925717e-001 -7.7737968e-001  2.5895743e-001  3.8223619e-001  2.9278179e-001 -3.4002979e-002
 -3.2593660e-001 -1.9345489e-001 -7.7216642e-001  1.9141654e-001  3.0557283e-001  3.6067232e-001
  4.7196892e-001  5.1896718e-001  7.4629204e-002  1.4378073e-001  6.5299487e-001  2.3510358e-001
  2.7342808e-001 -6.2974345e-001  3.7130750e-001  3.1585904e-001 -3.3480460e-003  5.3945608e-001
 -7.1231185e-001 -1.0596957e-003 -1.5254369e-001  5.6727480e-001  3.5964764e-001  1.3488510e-001
 -5.4779290e-001  1.1399600e-001  4.1875513e-001 -5.1940828e-001 -2.4716064e-001  4.2508663e-001
  2.0147427e-001 -1.7694629e-001 -5.7338223e-001 -1.4496417e-001  1.0129791e-001  7.5369428e-001
  7.6589944e-002
  7.0000000e+000
  4.3983206e-001  3.8942031e-001  2.7684193e-001  4.9621560e-002  4.7031348e-001  4.2419284e-001  4.1792522e-001
 -2.3164313e-001 -7.3515881e-001 -6.2932559e-002  3.2106995e-001  3.8372514e-001  1.3241816e-001  3.6613796e-001
  1.2564489e-001  2.2573606e-001 -9.3915234e-001  1.5791312e-001  7.9615623e-002  3.3360367e-002  1.3733669e-001
 -5.1845626e-001  6.0026298e-001  1.9356149e-001  3.7990671e-001  4.0518242e-001  1.1046066e-001  1.1277388e-001
  3.6231761e-002 -2.5131615e-001  4.6330141e-002 -1.5433297e-002  4.8861634e-002  8.3493632e-001  4.8335976e-001
  3.0936980e-001  5.9783291e-002 -7.3426660e-001  9.1735587e-002  5.4160344e-001 -1.1088852e-001  2.1799741e-001
 -6.5245434e-001 -5.7480032e-002  1.7968398e-001  5.4865569e-001  4.6653970e-001 -8.2637162e-002  1.1489903e-001
 -3.8303933e-001  1.8182146e-001 -4.2960151e-001  1.4941072e-002 -2.3060289e-001  7.6306041e-001  1.5055372e-003
  1.9597425e-002
  5.0000000e+000
  4.4808982e-001  5.3462471e-001  3.8094835e-001  5.9294186e-001  1.2919073e-001
  8.6532170e-001 -4.3891475e-001 -2.0182654e-001 -1.1300270e-001 -7.1194355e-002
  2.0285628e-001  6.3936506e-001 -2.8493874e-001 -6.1313779e-001  3.0485015e-001
  2.0066737e-001  2.0797174e-001 -2.0144274e-001  6.9081006e-001  6.3141322e-001
 -6.5393230e-001  4.2776210e-002  5.2031157e-001 -1.5200433e-001  5.2603546e-001
 -1.2918759e-001 -9.3164852e-001 -2.6943042e-001  5.8060562e-002  1.9843847e-001
 -3.8347846e-001  3.4644414e-001 -7.1069403e-001  3.6771937e-001  3.0433072e-001
  9.8452095e-002  1.0385968e-001  1.3927404e-001 -4.4745763e-001  8.7172517e-001
  6.2201797e-002
  5.0000000e+000
  1.8577017e-001  4.7419018e-001  3.6927061e-001  7.7251743e-002  7.7350146e-001
  4.6238100e-001 -4.7335166e-001  2.5765407e-002  7.4357816e-001  9.2572541e-002
 -5.4511994e-001 -2.0300433e-002 -6.5738263e-001  2.9558450e-001  4.2767981e-001
 -4.7762911e-001 -1.7822204e-002  7.5236060e-001  2.0954372e-001  4.0199224e-001
  4.1375467e-001  5.1913069e-001  2.6072643e-002  7.4329583e-001  7.8370474e-002
 -1.8601231e-001 -1.8838228e-001 -5.7451962e-001  1.7573561e-001  7.5429155e-001
  3.7964046e-002 -7.1136838e-001  5.2806044e-001  4.4340643e-001  1.3060117e-001
  6.2915617e-001 -3.8071882e-001 -5.2239899e-002 -6.5325248e-001  1.7247573e-001
  7.9212603e-002
  5.0000000e+000
  2.3770141e-001  7.3103643e-001  4.0801306e-001  7.5404387e-002  4.8674768e-001
  2.4977483e-001 -5.3277848e-001  4.7848145e-001  6.2641082e-001  1.8006833e-001
  1.0431579e-001  1.9196171e-001 -7.2714861e-001  6.2734458e-001  1.7309705e-001
  2.7995105e-001  3.5374400e-001  1.7378143e-001 -1.8919175e-001  8.5469239e-001
 -3.1294763e-001 -4.7338765e-001  4.3626341e-001  6.0758065e-001  3.4422072e-001
 -2.9067468e-002 -4.0363879e-001 -8.3725601e-001  6.6846967e-002  3.6161397e-001
  4.4825555e-001 -4.9340686e-001  3.2329042e-001 -5.7875586e-001  3.4079552e-001
 -8.4156433e-001 -1.4886196e-001  2.7419536e-001 -1.2227053e-001  4.2364657e-001
  4.5295760e-002
  6.0000000e+000
  2.8930491e-001  6.6873471e-001  9.6248845e-002  3.7570017e-001  3.6869914e-001  4.2748456e-001
  1.1092601e-001 -5.8614877e-001  3.4392322e-001  6.7723067e-001 -8.6931512e-002  2.4421998e-001
  1.7305296e-001 -3.3321818e-001 -7.4219360e-001  1.3310230e-001  5.3883343e-001 -1.0454675e-002
 -4.2178928e-001  4.7098255e-001  2.0825182e-001  4.2128931e-001  6.1101512e-001  7.7950345e-002
 -1.0950376e-001 -6.8028685e-001  4.0780402e-001  1.1386146e-001  1.5904807e-001  5.6626309e-001
  5.9637288e-001  2.1700336e-002 -4.6384796e-001  5.5147524e-001  1.3099597e-001  3.2776313e-001
  5.9562717e-001  2.3860066e-002  5.3768395e-002 -7.4493485e-001 -9.0689062e-002  2.8038456e-001
 -3.0843465e-001 -3.6827935e-001 -1.9121500e-001 -2.1619832e-001  7.3283757e-001  3.8585306e-001
  3.5980578e-002
  5.0000000e+000
  5.2916074e-001  2.6763270e-001  1.6843980e-001  5.3576244e-001  5.7701671e-001
  1.8537542e-001 -7.3821223e-001  4.9151225e-001  3.2415543e-001 -2.7206178e-001
 -5.3610246e-001 -2.1619137e-001 -4.7831587e-001  6.4828326e-001  1.2960780e-001
 -1.4281576e-001  3.7274397e-001  6.5042252e-001  3.8186709e-001  5.2133834e-001
  5.3061695e-001  6.3220675e-001 -4.8464579e-001  2.7235452e-001  9.8497491e-002
  3.7222478e-001 -6.7127040e-001 -9.1104118e-002  5.7044630e-001  2.7773338e-001
 -1.9913734e-001 -1.0245213e-001 -4.3906611e-001 -4.2923188e-001  7.5685456e-001
 -8.1166676e-001  5.8949817e-002  1.4178866e-001  5.3418430e-001  1.7962487e-001
  8.0366479e-002
  5.0000000e+000
  4.5545538e-001  5.4106465e-001  1.0265060e-001  6.9070141e-001  1.1047108e-001
 -2.5722646e-001 -2.7963104e-001  5.4999118e-001  1.9200781e-001  7.1852887e-001
  1.3391871e-001 -4.5910843e-001 -7.3807913e-001  3.2549072e-001  3.4724662e-001
  2.7122079e-001  7.7263325e-001 -7.1711677e-002  4.6533673e-001  3.2832348e-001
 -8.7423722e-001  5.8697653e-002  6.5713180e-002  9.1613797e-002  4.6856436e-001
 -1.5874433e-001 -2.9258615e-001 -1.4924942e-001  8.3947868e-001 -4.0273283e-001
 -1.2627364e-001  4.3036768e-001 -8.7588228e-001 -1.0016736e-001 -1.4708965e-001
  6.4164157e-001 -5.4838712e-001 -4.1972172e-001  1.5530073e-002  3.3340690e-001
  5.2019540e-002
  5.0000000e+000
  2.6446912e-001  2.7746954e-002  6.4605445e-001  1.4911941e-001  6.9975942e-001
  4.1061779e-001 -6.8098561e-001  2.9016520e-001  2.7646438e-001 -4.5499805e-001
 -2.4957333e-001 -1.6965063e-001 -3.8696882e-001  8.2418125e-001  2.8268749e-001
  3.8232036e-001 -2.2966636e-001  3.0561264e-001 -7.5389699e-002  8.3785548e-001
  4.7059077e-001  7.6172343e-001 -4.1585120e-001  5.2436986e-002  1.5046557e-001
  4.9602991e-001  1.6830611e-001  7.2495672e-001  1.0226960e-001 -4.3543779e-001
  7.0159796e-001 -5.6509160e-001 -2.5913114e-001 -3.4130846e-001  6.9219672e-002
 -4.3970785e-001 -3.2284956e-001  4.3437206e-001 -7.1333081e-001 -7.0037354e-002
  6.5820777e-002
  6.0000000e+000
  6.9334189e-001  8.3494044e-002  4.4898917e-001  5.5318453e-001  2.8127586e-003  6.8508804e-002
  2.5957395e-001 -6.7073872e-001 -1.7571598e-001 -1.4603212e-001  4.2020319e-001  5.0394318e-001
  4.0431350e-002  1.3204827e-001 -6.6793481e-001  5.0595043e-001  4.3727439e-001 -2.9596777e-001
  1.7378158e-001  5.8911906e-001  3.6741266e-001  1.7934408e-001  4.8054969e-001  4.7397714e-001
  8.0360465e-001 -5.0913636e-001  1.1073593e-001  2.5849998e-001  3.2077292e-002  1.2200861e-001
  4.3510886e-001  5.3181412e-001 -6.5124041e-001  1.1968560e-001 -6.9117195e-002 -2.9092632e-001
 -4.4376950e-003  1.8329301e-001 -2.1377197e-001  6.4773738e-002  6.8233947e-001  6.7149292e-001
  1.0944345e-001  1.6295648e-001 -5.2654179e-002 -1.9759210e-001 -6.9306856e-001  6.6280329e-001
  6.7102254e-002
  5.0000000e+000
  1.2109077e-001  3.0850034e-001  3.1486932e-001  8.3648409e-001  3.0218577e-001
 -2.9979242e-001 -8.9162520e-001  1.6637599e-001  2.9137946e-001  5.0458348e-002
 -6.8194765e-001  1.9469969e-001 -6.5373061e-001  2.6229637e-001  2.9603067e-002
  2.4882053e-001  1.8404865e-001  8.7285449e-002  6.5014432e-001  6.8840980e-001
  2.2917822e-001 -8.0000270e-001 -3.2653403e-001  3.9889879e-001 -2.0427505e-001
 -9.0737779e-001 -2.8630761e-001  1.0569185e-001  1.5766674e-001  2.4220640e-001
  2.8547989e-001 -2.9576226e-001  5.4552388e-002 -2.6704231e-001  8.6990710e-001
 -3.4060673e-003  6.1633182e-002  9.3395894e-001 -3.2461470e-001 -1.3614605e-001
  9.0391241e-002
  5.0000000e+000
  9.3533100e-002  6.1306739e-001  3.8307559e-001  6.7611389e-001  1.0734540e-001
  5.3074227e-001 -6.1346728e-001  2.6689044e-001  2.6007211e-001  4.5066898e-001
 -3.7507759e-001 -2.4237642e-001 -6.3848892e-001  6.1168290e-001  1.3691747e-001
  3.1860236e-001  7.4859267e-001  4.6711694e-002  4.6258725e-001  3.4918849e-001
  7.1263925e-001 -5.7790974e-001  4.1035508e-002  1.7097561e-001  3.5671987e-001
  2.0085836e-001 -1.0607846e-002 -7.8924768e-001  3.2256846e-001 -4.8226662e-001
 -6.3513407e-001 -4.2008374e-001 -1.7117137e-001  5.0788073e-001  3.6454339e-001
  1.5321923e-001  3.7581040e-001 -4.9876402e-001 -1.9687712e-001  7.4011098e-001
  7.7731901e-002
  5.0000000e+000
  5.8577218e-001  2.4369759e-001  4.6084117e-001  2.9940783e-001  5.4356490e-001
 -9.1054558e-004 -9.1644086e-001  2.4068225e-001  3.1803044e-001  3.2619312e-002
  2.0841051e-001 -1.1371126e-001 -8.4548919e-001  2.7246094e-001  3.9312577e-001
 -2.7033842e-001  1.1795457e-001  3.3256874e-001 -4.4340539e-003  8.9575791e-001
 -1.0352475e-001  9.7220449e-001 -1.8397945e-001  4.4939700e-002 -9.0736128e-002
 -6.9531010e-001 -2.0032712e-001 -6.8165810e-001  8.2774409e-002  7.0025248e-002
 -4.4591434e-001  1.0010138e-001  3.9366909e-001 -6.5117365e-001  4.6058403e-001
  5.4460407e-001 -3.0763888e-001 -5.0204183e-001 -5.3269944e-001  2.7009263e-001
  9.5137016e-002
  5.0000000e+000
  2.4661319e-001  9.5064770e-002  2.2872886e-001  3.8928856e-001  8.5222189e-001
  1.4661406e-002 -9.3460283e-001  3.1860919e-002 -2.7837513e-001  2.1862012e-001
  4.7868635e-001 -1.6602688e-001 -7.4937774e-001  4.1256250e-001 -1.0732957e-001
  4.3626591e-001 -1.1923412e-001  6.2298492e-001  6.1844453e-001  1.5770681e-001
 -4.9805055e-001  4.1465901e-001 -2.0780191e-001  5.0531817e-001  5.3054261e-001
 -1.8820340e-001  3.8155154e-001  6.6378077e-001 -5.3826188e-001  2.9777028e-001
 -3.9531351e-001 -6.6959186e-001 -2.3766987e-001 -3.9085527e-001  4.3141530e-001
  6.5612363e-001  1.9708389e-001 -4.4708553e-001 -5.5230124e-001  1.6042940e-001
  7.8677605e-002
  5.0000000e+000
  2.6721395e-002  7.6283268e-001  1.7282018e-001  5.9501961e-001  1.8291288e-001
  6.9659144e-001 -2.8506197e-001  6.0185213e-001  8.1188444e-002  2.5432753e-001
 -2.0732668e-001 -5.6582463e-001 -2.2640324e-001  7.2756523e-001  2.3716776e-001
 -5.1634191e-001  3.6623923e-001  5.1703535e-001  1.1451822e-001  5.6464137e-001
 -5.1428459e-001  2.5886714e-001 -7.7680176e-001 -2.2570867e-001  1.1888560e-001
 -4.8587291e-001 -7.7952404e-001 -4.7923601e-002  3.9154650e-001  2.5776947e-002
 -2.8975226e-001  3.3411941e-003  4.1602255e-001 -3.5373118e-001  7.8602287e-001
  3.5803810e-001 -9.2337440e-002 -7.1859805e-001  1.3475931e-001  5.7335791e-001
  8.3212754e-002
  6.0000000e+000
  6.2359635e-001  3.6476116e-001  4.6286732e-001  4.1709327e-001  2.6046049e-001  1.4840575e-001
  7.3759762e-002 -8.9579381e-001  1.9398155e-001  2.2758837e-001  2.8167111e-001  1.5280391e-001
  5.6444341e-001 -5.4904663e-002 -7.4315028e-001 -1.8335766e-001  2.9268587e-001  8.2654249e-002
 -6.4933378e-001  1.4526446e-001 -2.1049479e-001 -4.2042723e-003  7.0114574e-001  1.4605749e-001
  3.7190328e-001  4.7790597e-001  3.3091243e-001  2.8790066e-001  2.1565680e-001  6.2800967e-001
 -1.9654229e-001 -7.8107360e-001  3.2946220e-001  2.0384148e-001 -1.3459453e-002  4.4834954e-001
  2.2080745e-001 -2.4998827e-001 -4.8746843e-001 -9.9028842e-002  7.9592764e-001  8.8413435e-002
  5.1770262e-001 -1.4670834e-001 -5.5604555e-001  2.0922361e-001 -5.3408072e-001  2.6880712e-001
  8.2693331e-002
  5.0000000e+000
  4.6931082e-001  5.8161633e-001  8.0982702e-002  6.4836028e-001  1.2058420e-001
  2.9946645e-001 -7.9354610e-001  2.0038442e-001  4.8432368e-001 -7.6688196e-002
 -2.4183850e-001 -1.4796087e-001 -3.4378388e-001  1.8793488e-001  8.7527987e-001
 -6.0635929e-001 -2.0933218e-002  7.8355051e-001  3.6828357e-002  1.2877297e-001
 -6.0634344e-001  6.3688894e-001 -4.1588586e-001  3.0728036e-002 -2.2981480e-001
  2.6475137e-001  4.4190472e-001  1.1286517e-001  7.3823214e-001  4.2059682e-001
 -7.9967068e-002  4.7726022e-001  6.7463013e-001 -5.0024117e-001  2.4588801e-001
  6.5039826e-001 -1.3676000e-001 -3.2368609e-001 -4.0740236e-001  5.3621771e-001
  7.2308285e-002
  5.0000000e+000
  3.5004302e-001  6.9257648e-001  1.3220630e-001  2.8342660e-001  5.4772124e-001
  1.6430740e-002 -4.7222030e-001 -2.5289587e-002  8.6930097e-001  1.4287858e-001
  3.5585267e-001 -2.5846327e-001 -7.6529650e-001 -2.3617709e-001  4.0633393e-001
 -8.3510490e-001  2.7541374e-001 -4.2185073e-001  1.2296307e-001  1.8349147e-001
  3.3635377e-001  4.5662409e-001  2.9131940e-002  6.8857165e-001  4.5097781e-001
  1.2828377e-001 -5.1230088e-001 -3.1835563e-001 -2.0693112e-001  7.5955269e-001
  2.2765514e-001 -3.7512601e-001  8.9288923e-001  3.8667469e-002  9.3312772e-002
 -8.9811677e-001  1.2152932e-001  2.4260062e-001  3.3436626e-002  3.4444712e-001
  8.5864210e-002
  5.0000000e+000
  3.9375983e-001  4.6723567e-001  1.4488473e-001  6.0177148e-001  4.9348103e-001
  2.5709729e-001 -6.2518523e-001  6.1255961e-001 -1.4460392e-001  3.8328167e-001
  1.5293984e-001 -5.4151459e-001 -7.3051831e-001  2.6524383e-001  2.8170919e-001
 -5.8132233e-001  4.1181698e-002  2.3422076e-001  6.9709737e-001  3.4578073e-001
 -6.5066401e-001  3.7032809e-001 -5.7275973e-001 -3.0701211e-001 -1.3108512e-001
  1.8338076e-001 -2.5446502e-001 -5.2901578e-001 -4.4793016e-002  7.8724516e-001
 -7.1715536e-001 -2.2729144e-001  4.7106303e-001  1.8725633e-001  4.2078674e-001
 -3.6764572e-002  5.6887564e-001  2.3242744e-001 -7.2563480e-001  3.0734426e-001
  8.4037950e-002
  6.0000000e+000
  4.7006353e-001  6.4538294e-001  2.7392078e-001  5.3066696e-001  3.3387114e-002  6.9039228e-002
  5.6583922e-002 -4.7725487e-001  3.8847486e-001  2.4870178e-001  6.8666219e-001  2.9112848e-001
  1.6465071e-003  5.6704358e-002 -7.4497026e-001  2.2685790e-001  1.1849296e-001  6.1342981e-001
 -7.0743026e-001  3.4885364e-001  2.6101538e-001  5.3991061e-001 -8.6405533e-002  1.0365885e-001
 -5.6722432e-001 -6.9990750e-001 -2.9953562e-001 -7.5017277e-002  9.8214909e-002 -2.8877452e-001
  2.2274100e-001 -1.7906887e-001 -3.8887749e-001  5.9512258e-001  4.9249325e-001  4.1276458e-001
  5.7855382e-001 -6.3408273e-001  4.9655654e-001  1.9931944e-002 -1.8511110e-002 -1.2611989e-001
  9.8719537e-002  1.9122131e-002  1.3168202e-001 -2.7181653e-001 -3.4521679e-001  8.8288719e-001
  8.8471129e-002
  6.0000000e+000
  8.9304660e-002  4.9751468e-001  5.2198838e-001  4.1747464e-001  4.9838835e-001  2.2216195e-001
  2.4758730e-001 -8.4433915e-001  2.3656213e-001  1.8797114e-001  2.9797665e-001  2.1379208e-001
 -7.4631007e-002 -1.2374837e-002 -5.2326504e-001  8.1886377e-001 -1.7441710e-001  1.3968380e-001
  2.7917904e-001  5.2412485e-001  3.9071818e-001  2.8407747e-001  4.0516865e-001  4.9982984e-001
  4.7061199e-001  3.6596940e-001 -6.9901189e-001 -3.5889649e-001  1.6244409e-001 -2.7899203e-002
 -5.6187568e-001 -3.5854959e-002 -4.4668847e-001  3.6375401e-001  5.9243278e-001  1.3637015e-002
  2.2497314e-002 -3.7253005e-001  7.8911523e-002 -4.2638797e-001  3.0254390e-001  7.6233109e-001
 -6.1859713e-001 -1.2322882e-001  3.4743708e-001  3.1639316e-001 -5.3360431e-001  3.1080789e-001
  9.5166423e-002
  5.0000000e+000
  5.9887432e-001  4.0244224e-001  5.2589698e-001  3.8957574e-001  2.2594887e-001
  3.9791498e-001 -8.1988079e-001  2.8512083e-001 -2.4603576e-001  1.6622776e-001
 -3.2118677e-001 -3.6986859e-001 -8.2494644e-002  8.1641460e-001  2.9444544e-001
  8.5123940e-002  3.5030845e-001  8.6829317e-001  1.7434270e-001  2.9276184e-001
 -2.6444588e-001  8.1139368e-001 -4.2090249e-001  1.1873033e-001  2.8364216e-001
  4.4543499e-001 -2.7693304e-001 -2.4705124e-001  5.2955784e-001  6.1921720e-001
 -2.5787537e-002 -2.0117988e-002  2.5090938e-001 -6.7835356e-001  6.8979069e-001
  6.6475975e-001  2.3053883e-001 -5.2001489e-001 -4.3689917e-001 -2.0892569e-001
  9.0323248e-002
  7.0000000e+000
  5.7115571e-001  1.1377797e-001  3.5456954e-001  1.6480443e-001  4.3882975e-001  2.1915492e-001  5.1706406e-001
  3.6918156e-001 -9.0227474e-001  4.1615941e-002  7.0551469e-002 -1.8255498e-001 -4.9528450e-002 -8.4359277e-002
 -2.5867997e-001 -2.7407027e-001 -6.0132223e-001 -6.1929039e-002  4.4835788e-001  5.0825868e-001  1.8219456e-001
 -1.1935013e-002 -1.6009989e-002  4.0463371e-001  8.0653018e-001  2.9807400e-001  2.2109206e-001  2.1829351e-001
  4.6245600e-001  7.2778757e-001 -3.3376402e-001  9.2362418e-002 -1.0765221e-001  2.4935049e-001  2.5053103e-001
  2.6622038e-001  2.1372000e-001  6.9847014e-001 -5.1229154e-001  3.4554466e-001  4.9586519e-002  1.0624209e-001
  3.6638170e-001 -4.4097115e-001 -4.9377528e-001 -5.2853938e-001  1.8866390e-001  3.2119088e-001 -9.6867666e-002
  5.3676173e-001  3.6144264e-001 -8.1990130e-003 -8.1616075e-002 -7.3939056e-001  1.4837575e-001 -7.6183254e-002
  4.5042270e-002
  5.0000000e+000
  5.5914808e-001  2.0552437e-001  5.1892853e-001  4.4675823e-001  4.1980165e-001
  4.6580205e-001 -8.2482252e-001 -1.2141894e-001  1.6748178e-001 -2.4475204e-001
 -4.5417451e-002 -1.4635520e-001 -6.0523903e-001  9.9090226e-002  7.7484467e-001
 -2.2965354e-001 -2.8591472e-002  3.2591904e-001  9.0881219e-001  1.1949457e-001
  6.4852629e-001  6.5619027e-001 -2.5137485e-001  2.8396968e-001 -7.0709938e-002
  2.8544107e-001  1.2860029e-001  6.1470974e-001 -2.3433675e-001  6.8498436e-001
  5.7353654e-001 -6.4994161e-001 -4.2710928e-001 -1.3088696e-001  2.2153557e-001
 -5.8020641e-001 -3.8036998e-001 -6.7692423e-002  4.7553603e-001  5.3662129e-001
  9.1303402e-002
  5.0000000e+000
  4.3537716e-001  4.1042083e-002  7.1566472e-001  5.1986684e-001  1.6224905e-001
  7.8586736e-001 -4.6090415e-001 -4.0749925e-001 -6.2422948e-002  5.2525847e-003
 -9.0946630e-002  2.3356264e-001 -5.2822450e-001  6.2254989e-001  5.2018046e-001
 -1.4634431e-001 -6.9854417e-001  4.7165051e-001  2.7341652e-001  4.3978244e-001
 -6.5162618e-001 -4.4875323e-001 -5.2696210e-001 -1.4443596e-001 -2.7468721e-001
  7.4304400e-001 -5.2034357e-001 -3.9704848e-001 -2.6307694e-002 -1.3707149e-001
 -9.4275466e-002 -2.7201030e-001 -1.4713340e-001  7.6500117e-003  9.4626411e-001
  2.0183695e-002 -3.5517524e-001  5.5565576e-001 -7.5141991e-001 -7.6137349e-003
  9.2561333e-002
  5.0000000e+000
  3.5260757e-001  3.8442783e-001  5.2030868e-001  4.0218862e-001  5.4351296e-001
  2.9865649e-001 -8.7419100e-001  2.4062044e-001  2.9673693e-001 -2.5365181e-002
  8.3326753e-001  5.6088028e-002 -4.5704551e-001 -2.9626916e-001  7.6507078e-002
  3.0636764e-001  4.1053611e-001  5.6488069e-002  8.5679518e-001  1.7609322e-002
 -2.1632449e-001 -2.8333023e-001 -4.4335845e-001  2.2608958e-001  7.9072403e-001
  5.8033759e-001 -3.0081474e-001  6.1418024e-001 -1.1265737e-001  4.2756254e-001
 -5.5684061e-001  2.8317145e-001  3.2922382e-001 -6.3411974e-001  3.1503381e-001
 -1.6541818e-002 -2.0403033e-001 -6.1678486e-001 -1.9335549e-002  7.5980298e-001
  6.2886061e-002
  5.0000000e+000
  1.9458799e-001  6.1397159e-001  5.3286237e-001  3.8566269e-001  3.9050784e-001
 -3.2113819e-001 -5.9503181e-001  4.6331669e-002  4.9196088e-001  5.4647533e-001
 -1.3162239e-001  4.3655972e-001 -8.1584679e-001  2.8955679e-001  2.0649949e-001
  5.7717963e-001  4.1885206e-001  3.5348145e-001  2.2644244e-001  5.6142793e-001
  2.2376228e-001 -7.1276572e-001 -1.5707361e-001  6.2899832e-001  1.4691655e-001
 -1.2820041e-001 -5.6710788e-002 -6.1689113e-001 -3.3572059e-001  6.9791515e-001
  9.1139785e-001 -7.6887547e-002  4.2668574e-002 -4.0198414e-001  5.5146192e-003
  3.3225336e-001  1.5001524e-001 -6.3854182e-001  6.5440958e-001 -1.7639610e-001
  8.6242673e-002
  5.0000000e+000
  4.3454592e-001  6.7796081e-001  5.7766461e-001  9.2924465e-002  9.5956357e-002
 -2.1600601e-001 -3.2942691e-001  4.1541395e-001  8.1983581e-001  1.0945795e-002
  3.0859720e-002  2.2954867e-001 -4.7565377e-001  3.3095115e-001  7.8139613e-001
  6.9398168e-001  2.4130748e-001  6.1263204e-001 -3.4475620e-002  2.8922922e-001
 -3.9936689e-001 -4.1953515e-001  5.4120917e-001  5.6483675e-001  2.2923443e-001
  2.4371381e-001  1.1463626e-001 -5.5184100e-001  5.6084789e-001  5.5532267e-001
  3.0739204e-001 -3.8460938e-001  1.9376708e-001 -5.2465392e-001  6.6691704e-001
 -7.8726295e-001  3.7591988e-001  9.0789213e-002 -1.0862081e-001  4.6782489e-001
  2.6589496e-002
  5.0000000e+000
  5.3728505e-001  5.9589032e-001  3.9820551e-001  2.9379768e-001  3.3369867e-001
  2.0426050e-002 -6.5070061e-001  2.2902756e-001  6.7468170e-001  2.6176797e-001
 -5.7824627e-001  4.1746335e-001 -4.3852572e-001  4.4648277e-001  3.1575930e-001
 -1.1825779e-001  4.4089085e-001  8.2967000e-001  2.2786761e-002  3.2056014e-001
  3.1797454e-001 -4.4198263e-001 -3.8662551e-002  2.1422727e-001  8.1003422e-001
  1.5359886e-001  3.2624782e-001 -1.2627097e-001  9.1490691e-001 -1.3027180e-001
  5.7841694e-001  1.6606106e-001 -7.4383456e-001 -2.7317999e-001 -9.9701585e-002
 -4.3186985e-001  2.0634473e-001 -4.1254639e-001  5.2095465e-002  7.7330577e-001
  8.8656076e-002
  5.0000000e+000
  1.1052407e-001  3.3122490e-001  7.1001478e-001  5.6576391e-001  2.3208772e-001
  7.5865003e-002 -7.2005855e-001 -1.2779201e-001  3.2256170e-001  5.9614036e-001
  1.5402330e-001  5.9728856e-001 -4.6430638e-001 -5.6760652e-002  6.3302529e-001
  3.9962108e-002  3.4640204e-001  6.2385538e-001  6.7545775e-001  1.8157629e-001
 -9.8506257e-001  6.1083530e-002 -4.1753675e-002  2.4228801e-002  1.5359076e-001
  1.3780393e-001 -2.8078204e-001 -2.5906793e-001  1.3204679e-001  9.0422286e-001
  7.2390384e-002  6.8012429e-001  8.5159494e-002 -6.5026499e-001  3.1952135e-001
  9.8194175e-001 -4.4711834e-002 -5.1492278e-002 -2.9669591e-002 -1.7395262e-001
  6.8410868e-002
  6.0000000e+000
  7.3735733e-002  1.4411691e-001  7.2617880e-001  7.0628473e-002  6.6283203e-001  4.6076416e-002
  1.6648966e-001 -7.1359198e-001 -6.2701145e-003  4.8977682e-001  5.8730665e-002  4.6871926e-001
  6.1173081e-001  3.0446603e-001 -4.5077842e-001 -2.0111857e-001  3.5280585e-001  4.0615765e-001
  3.4741686e-001  2.8897026e-001  4.5726920e-001  5.6088828e-001  4.1542054e-001 -3.1548805e-001
 -5.7588591e-001  6.8039450e-002 -1.1540085e-001  4.2932873e-001  4.0116523e-001  5.5240565e-001
 -2.7811654e-001 -4.6047256e-001  8.0453539e-001 -2.3317187e-001  4.5301688e-002  8.3172369e-002
 -1.1872543e-001  1.3906675e-001 -2.5293630e-001 -8.5857200e-001  3.3558924e-001  2.2983020e-001
  8.5401925e-001  3.5843679e-002  2.4055355e-001 -2.9009993e-001 -3.4241339e-001  1.0047607e-001
